function torque_fn = KTM450()

% Stock
points = [
   0 0           
% 19.95907413	4632.81866
% 19.95192271	4632.471246
% 19.94700219	4632.420599
% 19.94445671	4632.677193
% 19.94420227	4633.236416
% 19.94679543	4634.138664
% 19.95212314	4635.359485
% 19.96038728	4636.911536
% 19.97097499	4638.728066
% 19.98395398	4640.784973
% 19.99891981	4643.053187
% 20.01583665	4645.522985
% 20.03436536	4648.154108
% 20.05450332	4650.931921
% 20.07564785	4653.785806
% 20.09766318	4656.710493
% 20.12029993	4659.680247
% 20.14328117	4662.667765
% 20.16647744	4665.661576
% 20.19008446	4668.694255
% 20.21359503	4671.702597
% 20.23685386	4674.671186
% 20.26018551	4677.643553
% 20.282994	4680.551195
% 20.30510155	4683.380618
% 20.32631532	4686.118953
% 20.34644888	4688.752201
% 20.36495696	4691.217581
% 20.38251545	4693.595183
% 20.39897235	4695.865707
% 20.41447039	4698.035539
% 20.42924505	4700.133162
% 20.44341403	4702.174538
% 20.45681816	4704.140224
% 20.469729	4706.066308
% 20.48192961	4707.926338
% 20.4938193	4709.774476
% 20.50579638	4711.671446
% 20.51776159	4713.605148
% 20.52984329	4715.596596
% 20.54247376	4717.71725
% 20.55536032	4719.927267
% 20.56817612	4722.17595
% 20.58129448	4724.518542
% 20.59473427	4726.955675
% 20.60853425	4729.485348
% 20.62269582	4732.098482
% 20.6372544	4734.792109
% 20.65222578	4737.562292
% 20.66759168	4740.403061
% 20.68360712	4743.351173
% 20.69947635	4746.307867
% 20.71638129	4749.40108
% 20.73275502	4752.41467
% 20.74883054	4755.391957
% 20.76441553	4758.289009
% 20.7799867	4761.162115
% 20.79465816	4763.922947
% 20.80926388	4766.6926
% 20.82329889	4769.3975
% 20.83647499	4772.009937
% 20.8487203	4774.521111
% 20.85991067	4776.904855
% 20.87015978	4779.180111
% 20.87952868	4781.349236
% 20.88794269	4783.401307
% 20.89548659	4785.346163
% 20.90267181	4787.240637
% 20.9088488	4789.001267
% 20.91427234	4790.65729
% 20.91929218	4792.246001
% 20.92386395	4793.762965
% 20.92752882	4795.167031
% 20.93129355	4796.56545
% 20.93478597	4797.941838
% 20.93811068	4799.291472
% 20.94127331	4800.633583
% 20.94438618	4801.987297
% 20.94758484	4803.375429
% 20.95083735	4804.781378
% 20.95423411	4806.241146
% 20.95789827	4807.755393
% 20.96197107	4809.344281
% 20.96659689	4811.015817
% 20.97188497	4812.769486
% 20.97791789	4814.613146
% 20.98470593	4816.546076
% 20.99218581	4818.555214
% 21.00022488	4820.626261
% 21.00889019	4822.778385
% 21.01808513	4825.003982
% 21.02772556	4827.297237
% 21.03767785	4829.646424
% 21.04793527	4832.053864
% 21.05830355	4834.499167
% 21.06870366	4836.972026
% 21.07964861	4839.584962
% 21.08983508	4842.071656
% 21.0997935	4844.543822
% 21.10973644	4847.050924
% 21.11917634	4849.507407
% 21.12751473	4851.78476
% 21.1358213	4854.116045
% 21.14340634	4856.364926
% 21.14992398	4858.463712
% 21.15569773	4860.47287
% 21.16053409	4862.374091
% 21.16438287	4864.163209
% 21.16717523	4865.8368
% 21.1690165	4867.434795
% 21.16952655	4868.870977
% 21.16888616	4870.194622
% 21.16732558	4871.52926
% 21.16421047	4872.657294
% 21.15987487	4873.667873
% 21.15439179	4874.623482
% 21.14769293	4875.506571
% 21.13979315	4876.263662
% 21.13094348	4877.021606
% 21.12092937	4877.730167
% 21.10979183	4878.395924
% 21.09773117	4879.020654
% 21.08501033	4879.606919
% 21.07105836	4880.189272
% 21.05646218	4880.754399
% 21.04136853	4881.308301
% 21.02578489	4881.862516
% 21.00996625	4882.418975
% 20.99430501	4882.96709
% 20.97855333	4883.524165
% 20.96272248	4884.094801
% 20.9468003	4884.682653
% 20.93087225	4885.26719
% 20.91456292	4885.89678
% 20.89826336	4886.546254
% 20.88202789	4887.233378
% 20.86582114	4887.950176
% 20.849699	4888.722164
% 20.83410683	4889.510033
% 20.81877075	4890.358544
% 20.80377176	4891.260888
% 20.78926307	4892.233379
% 20.77520549	4893.286934
% 20.76164409	4894.416268
% 20.74866936	4895.626235
% 20.7360767	4896.947701
% 20.72423688	4898.364242
% 20.71325374	4899.886099
% 20.70323903	4901.525843
% 20.69433814	4903.295718
% 20.68702393	4905.187815
% 20.68106337	4907.237526
% 20.67664414	4909.451707
% 20.67385372	4911.838473
% 20.67273116	4914.405393
% 20.67329343	4917.159777
% 20.67554494	4920.097639
% 20.67969933	4923.277414
% 20.6853772	4926.667422
% 20.69262357	4930.260867
% 20.70147041	4934.044383
% 20.71195617	4938.020321
% 20.72322578	4942.318937
% 20.73652402	4946.578865
% 20.75111145	4950.978461
% 20.76684068	4955.520239
% 20.78355972	4960.190514
% 20.80072873	4964.68665
% 20.81899212	4969.572991
% 20.8379804	4974.565955
% 20.85759807	4979.657403
% 20.87775814	4984.840632
% 20.89840231	4990.110776
% 20.91949834	4995.465055
% 20.94105112	5000.897849
% 20.96322026	5006.420621
% 20.98591625	5012.013425
% 21.00962122	5017.786355
% 21.03400168	5023.628926
% 21.05909566	5029.543307
% 21.08455028	5035.445403
% 21.11092828	5041.471171
% 21.1379158	5047.542649
% 21.16549051	5053.6665
% 21.19360958	5059.840469
% 21.22259879	5066.147944
% 21.25147802	5072.402626
% 21.28002406	5078.559625
% 21.30850675	5084.698261
% 21.33691532	5090.813831
% 21.36534163	5096.911918
% 21.39355523	5102.957354
% 21.42150272	5108.937135
% 21.44903178	5114.826615
% 21.47604169	5120.607858
% 21.50240264	5126.262765
% 21.52795705	5131.772037
% 21.55223195	5137.077298
% 21.57531568	5142.198861
% 21.59704973	5147.123953
% 21.61732407	5151.846664
% 21.63596275	5156.34774
% 21.65389013	5160.804062
% 21.66987533	5165.009645
% 21.68382966	5168.959971
% 21.69592754	5172.685354
% 21.70566669	5176.137381
% 21.71281971	5179.25086
% 21.71786172	5182.143105
% 21.72078011	5184.824901
% 21.72138522	5187.283462
% 21.72014846	5189.577954
% 21.71699465	5191.699662
% 21.71214496	5193.678603
% 21.70578094	5195.52989
% 21.69800665	5197.257117
% 21.68927499	5198.904433
% 21.67971259	5200.478813
% 21.66953005	5201.991331
% 21.65892259	5203.459297
% 21.64786669	5204.931491
% 21.63658065	5206.374208
% 21.62516742	5207.798696
% 21.61363613	5209.213737
% 21.6019759	5210.628588
% 21.59031463	5212.030839
% 21.57882129	5213.406612
% 21.56693434	5214.814099
% 21.55529182	5216.201787
% 21.54364584	5217.578756
% 21.53188925	5218.975599
% 21.51994779	5220.404031
% 21.50834827	5221.818082
% 21.49663321	5223.264884
% 21.48504716	5224.73779
% 21.47388322	5226.201891
% 21.46286283	5227.689344
% 21.4520175	5229.188695
% 21.44123819	5230.722853
% 21.43051544	5232.274501
% 21.41977491	5233.830696
% 21.4089703	5235.400148
% 21.39782275	5237.01437
% 21.38649735	5238.628089
% 21.37505196	5240.259313
% 21.36356633	5241.922642
% 21.35199434	5243.609904
% 21.34066844	5245.298096
% 21.32921229	5247.021758
% 21.31767196	5248.785753
% 21.30648001	5250.573719
% 21.2950916	5252.435948
% 21.28394148	5254.343923
% 21.27320379	5256.293171
% 21.26294105	5258.282965
% 21.25293063	5260.352567
% 21.24373194	5262.42729
% 21.23511204	5264.54821
% 21.22709998	5266.710052
% 21.21969692	5268.916589
% 21.21269668	5271.222219
% 21.20636768	5273.534361
% 21.20048373	5275.888993
% 21.19491455	5278.291162
% 21.1895732	5280.730297
% 21.18455916	5283.133333
% 21.17956285	5285.59039
% 21.17469074	5288.049058
% 21.16990656	5290.502736
% 21.16503188	5293.003392
% 21.16013059	5295.490918
% 21.15514414	5297.960429
% 21.15002647	5300.406106
% 21.14465326	5302.87248
% 21.13928996	5305.187601
% 21.13360649	5307.489618
% 21.12758578	5309.75674
% 21.12112792	5311.990106
% 21.11429577	5314.144203
% 21.10663811	5316.321454
% 21.09867646	5318.451608
% 21.09019265	5320.552512
% 21.08132567	5322.601087
% 21.07177971	5324.695746
% 21.06203174	5326.771404
% 21.0517635	5328.789881
% 21.04106925	5330.800153
% 21.02991873	5332.829869
% 21.01878632	5334.792293
% 21.00737521	5336.75754
% 20.99557177	5338.77176
% 20.9836273	5340.801183
% 20.97165376	5342.853828
% 20.9597088	5344.936313
% 20.94786108	5347.051619
% 20.93587883	5349.246522
% 20.92399554	5351.473022
% 20.91212358	5353.731327
% 20.90014128	5356.028408
% 20.88800014	5358.351855
% 20.87581873	5360.651525
% 20.8632831	5362.973178
% 20.85029627	5365.320259
% 20.83687062	5367.681011
% 20.82287245	5370.07906
% 20.80834885	5372.509962
% 20.79312624	5375.008401
